0	
1.75826538226496E-20	
-3.47123308131989E-21	
-3.29628583880698E-15	
7.30399610826006E-20	
1.69726121841335E-14	
-1.23456523904105E-20	
2.12232717326533E-15	
1.65288656403554E-19	
1.3906840969332E-15	
6.02569106086329E-20	
-1.00447422871594E-19	
0	
-2.52718061438337E-15	
3.91298331541099E-05	
7.82596662862509E-05	
0.000114910563891006	
0.000145765062858108	
0.000166630525585236	
0.000173830759336402	
0.000166630525571351	
0.000145765062855781	
0.000114910563870071	
7.82596662856809E-05	
3.91298331312995E-05	
2.56318572157894E-17	
1.68566774977763E-18	
7.82596662866975E-05	
0.000158998268119078	
0.000235617526381712	
0.000301519161959169	
0.000346926280111938	
0.000362061986171923	
0.000346926280108621	
0.000301519161955297	
0.000235617526378679	
0.000158998268116909	
7.82596662855102E-05	
4.5656744041164E-18	
2.54556257374402E-15	
0.00011491056389279	
0.000235617526382219	
0.000367042111608268	
0.000498466696787702	
0.00055749344677207	
0.000575103613331877	
0.000557493446768519	
0.000498466696779856	
0.000367042111555633	
0.000235617526378287	
0.000114910563869383	
8.10371684940521E-17	
-3.91636380243979E-18	
0.00014576506285845	
0.000301519161959416	
0.000498466696787729	
0.000767812066756809	
0.000809477196858206	
0.000823365573577807	
0.000809477196852279	
0.000767812066739348	
0.000498466696779419	
0.000301519161954418	
0.000145765062854905	
2.507800286885E-17	
1.49117313148008E-14	
0.000166630525584577	
0.00034692628011165	
0.00055749344677193	
0.00080947719685819	
0.00083424532205486	
0.000843305983077832	
0.000834245322056044	
0.000809477196852184	
0.000557493446767652	
0.000346926280107024	
0.000166630525569385	
-5.3874005909572E-16	
1.5307702076077E-19	
0.000173830759335774	
0.000362061986171324	
0.000575103613331596	
0.000823365573577771	
0.000843305983077815	
0.000849952786262647	
0.000843305983077717	
0.000823365573577586	
0.000575103613330537	
0.000362061986169248	
0.000173830759333674	
2.72173355672702E-18	
-9.04427901850549E-16	
0.000166630525570098	
0.00034692628010791	
0.000557493446768172	
0.000809477196852221	
0.000834245322056012	
0.000843305983077705	
0.000834245322054622	
0.000809477196857838	
0.000557493446770472	
0.000346926280108722	
0.000166630525578964	
-2.52619105995021E-17	
6.01029263287101E-20	
0.000145765062855134	
0.000301519161954653	
0.000498466696779517	
0.000767812066739273	
0.000809477196852145	
0.000823365573577571	
0.000809477196857834	
0.000767812066756283	
0.000498466696786237	
0.000301519161956849	
0.000145765062855961	
2.17059634517088E-18	
8.30911352966563E-17	
0.00011491056386938	
0.000235617526378189	
0.000367042111555346	
0.000498466696779302	
0.000557493446767618	
0.000575103613330535	
0.000557493446770477	
0.00049846669678624	
0.000367042111606852	
0.00023561752638061	
0.000114910563891009	
8.40256683001309E-18	
-7.35471695619776E-19	
7.82596662853628E-05	
0.000158998268116573	
0.000235617526378083	
0.000301519161954344	
0.000346926280107043	
0.000362061986169284	
0.00034692628010874	
0.000301519161956856	
0.000235617526380612	
0.000158998268118404	
7.82596662862082E-05	
7.98131055682345E-19	
-4.59942808174537E-16	
3.91298331310546E-05	
7.82596662853339E-05	
0.000114910563869264	
0.000145765062854887	
0.000166630525569533	
0.000173830759333726	
0.000166630525578989	
0.000145765062855969	
0.00011491056389101	
7.82596662862081E-05	
3.91298331546087E-05	
0	
0	
0	
0	
0	
0	
0	
0	
0	
0	
0	
0	
0	
0	
