0	
0	
0	
0	
0	
0	
0	
0	
0	
0	
0	
0	
0	
0	
0	
0	
0	
0	
0	
0	
0	
0	
0	
0	
0	
0	
0	
0	
0	
0	
0	
0	
0	
0	
0	
0	
0	
0	
0	
0	
0	
0	
0	
0	
0	
0	
0	
0	
0	
0	
0	
0	
0	
0	
0	
0	
4.82379225452689E-09	
8.3333332975881	
7.23568849281264E-09	
8.3333332975881	
2.41189612726345E-09	
0	
0	
0	
0	
0	
0	
0	
0	
8.3333332975881	
16.6666665951762	
16.6666665951762	
16.6666665951762	
8.3333332975881	
0	
0	
0	
0	
0	
0	
0	
0	
7.23568849281264E-09	
16.6666665951762	
1.44713773186922E-08	
16.6666665951762	
7.2356887703684E-09	
0	
0	
0	
0	
0	
0	
0	
0	
8.3333332975881	
16.6666665951762	
16.6666665951762	
16.6666665951762	
8.33333329758811	
0	
0	
0	
0	
0	
0	
0	
0	
2.41189612726345E-09	
8.3333332975881	
7.2356887703684E-09	
8.33333329758811	
4.82379280963841E-09	
0	
0	
0	
0	
0	
0	
0	
0	
0	
0	
0	
0	
0	
0	
0	
0	
0	
0	
0	
0	
0	
0	
0	
0	
0	
0	
0	
0	
0	
0	
0	
0	
0	
0	
0	
0	
0	
0	
0	
0	
0	
0	
0	
0	
0	
0	
0	
0	
0	
0	
0	
0	
0	
0	
0	
0	
